1.000000000000000021e-02
2.199999999999999872e-02
3.400000000000000244e-02
4.600000000000000616e-02
5.800000000000000294e-02
6.999999999999999278e-02
8.200000000000000344e-02
9.400000000000000022e-02
1.059999999999999970e-01
1.179999999999999938e-01
1.300000000000000044e-01
1.420000000000000151e-01
1.540000000000000258e-01
1.660000000000000087e-01
1.780000000000000193e-01
1.900000000000000022e-01
2.020000000000000129e-01
2.140000000000000235e-01
2.260000000000000064e-01
2.380000000000000171e-01
2.500000000000000000e-01
