# N=2,w01=1,w02=1.5,w03=1.2, tb=0.01,epsilon=0.1,gamma1=1,gamma2=1
#  delta=1, mu1=-0.5,mu2=-0.5,beta1=1,beta2=1 
#  GVALS || REDFIELD || REALREDFIELD || LOCALLINDBLAD  || UNIVERSAL LINDBLAD
1.000000000000000021e-02 0.000000000000000000e+00 0.000000000000000000e+00 3.731585518720863942e-03 0.000000000000000000e+00
2.999999999999999889e-02 0.000000000000000000e+00 0.000000000000000000e+00 1.062876161561342181e-02 0.000000000000000000e+00
5.000000000000000278e-02 0.000000000000000000e+00 0.000000000000000000e+00 1.686494181092217798e-02 0.000000000000000000e+00
6.999999999999999278e-02 0.000000000000000000e+00 0.000000000000000000e+00 2.257881357218259610e-02 0.000000000000000000e+00
8.999999999999999667e-02 0.000000000000000000e+00 0.000000000000000000e+00 2.789172133603070800e-02 0.000000000000000000e+00
1.100000000000000006e-01 0.000000000000000000e+00 0.000000000000000000e+00 3.288509242810417482e-02 0.000000000000000000e+00
1.300000000000000044e-01 0.000000000000000000e+00 0.000000000000000000e+00 3.760435198584034799e-02 0.000000000000000000e+00
1.500000000000000222e-01 0.000000000000000000e+00 0.000000000000000000e+00 4.207192326185014986e-02 0.000000000000000000e+00
1.700000000000000122e-01 0.000000000000000000e+00 0.000000000000000000e+00 4.629862413338869942e-02 0.000000000000000000e+00
1.900000000000000022e-01 0.000000000000000000e+00 0.000000000000000000e+00 5.116256693604036981e-02 0.000000000000000000e+00
2.100000000000000200e-01 0.000000000000000000e+00 0.000000000000000000e+00 5.611196760396457150e-02 0.000000000000000000e+00
2.300000000000000100e-01 0.000000000000000000e+00 0.000000000000000000e+00 6.075557606837189012e-02 0.000000000000000000e+00
2.500000000000000000e-01 0.000000000000000000e+00 0.000000000000000000e+00 6.510084081999024941e-02 0.000000000000000000e+00
