# N=3,w0max=2,w0min=1 tb=0.01,epsilon=0.1,gamma1=1,gamma2=1
#  delta=1, mu1=-0.5,mu2=-0.5,beta1=1,beta2=1 
#  GVALS || REDFIELD || REALREDFIELD || LOCALLINDBLAD  || UNIVERSAL LINDBLAD
1.000000000000000021e-02 1.260757781151891806e-03 0.000000000000000000e+00 4.133836137975444545e-03 1.679488536302828567e-03
2.999999999999999889e-02 1.228572110687804666e-03 0.000000000000000000e+00 1.042541833719088165e-02 1.608687249811271633e-03
5.000000000000000278e-02 1.197108566572922805e-03 0.000000000000000000e+00 1.676908078754502096e-02 1.545281591402850648e-03
6.999999999999999278e-02 1.165795726370464714e-03 0.000000000000000000e+00 2.357328275624880759e-02 1.489175603995757189e-03
8.999999999999999667e-02 1.134570445689243650e-03 0.000000000000000000e+00 3.061303405453121018e-02 1.439777585533750766e-03
1.100000000000000006e-01 1.103590075131897878e-03 0.000000000000000000e+00 3.764310569397401329e-02 1.396131902869525996e-03
1.300000000000000044e-01 1.072934991190740593e-03 0.000000000000000000e+00 4.466643788378993341e-02 1.357059166230838642e-03
1.500000000000000222e-01 1.042390233986009631e-03 0.000000000000000000e+00 5.162547197763515949e-02 1.321051216408807060e-03
1.700000000000000122e-01 1.011241410904379495e-03 0.000000000000000000e+00 5.842898027566343494e-02 1.285157814975584727e-03
1.900000000000000022e-01 9.811489573654079161e-04 0.000000000000000000e+00 6.499034707317474791e-02 1.236889853525643523e-03
2.100000000000000200e-01 9.578911802023092319e-04 0.000000000000000000e+00 7.124718412546562907e-02 1.209617348560131783e-03
2.300000000000000100e-01 9.364629713413377601e-04 0.000000000000000000e+00 7.716386535772817856e-02 1.184692457774092498e-03
2.500000000000000000e-01 9.169351170664071481e-04 0.000000000000000000e+00 8.272651826720812951e-02 1.155898397371395809e-03
