# N=3,w01=1,w02=1.5,w03=1.2, tb=0.01,epsilon=0.1,gamma1=1,gamma2=1
#  delta=1, mu1=-0.5,mu2=-0.5,beta1=1,beta2=1 
#  GVALS || REDFIELD || REALREDFIELD || LOCALLINDBLAD  || UNIVERSAL LINDBLAD
1.000000000000000021e-02 1.225025163802040537e-03 0.000000000000000000e+00 4.547877176994924442e-02 5.181285253089596209e-06
2.999999999999999889e-02 1.198493036418693493e-03 0.000000000000000000e+00 5.293246862323688906e-02 1.700284690472575220e-05
5.000000000000000278e-02 1.173699050254189101e-03 0.000000000000000000e+00 6.132573981594953427e-02 2.761464463094848818e-05
6.999999999999999278e-02 1.148891189440274206e-03 0.000000000000000000e+00 7.004789919857332126e-02 3.799068967485052774e-05
8.999999999999999667e-02 1.124375866362293044e-03 0.000000000000000000e+00 8.026549426915541297e-02 4.819736526320373625e-05
1.100000000000000006e-01 1.100396787577500842e-03 0.000000000000000000e+00 9.021983690298111813e-02 5.828287606056525280e-05
1.300000000000000044e-01 1.076923115529428501e-03 0.000000000000000000e+00 9.978835696130941568e-02 6.849433970471197693e-05
1.500000000000000222e-01 1.053534881060418050e-03 0.000000000000000000e+00 1.089208000420931327e-01 7.944227271747650689e-05
1.700000000000000122e-01 1.029246691972401841e-03 0.000000000000000000e+00 1.175832575346649755e-01 9.578913349004852405e-05
1.900000000000000022e-01 1.008646209583286685e-03 0.000000000000000000e+00 1.257617847722370119e-01 1.052507349745571505e-04
2.100000000000000200e-01 9.878762685830663227e-04 0.000000000000000000e+00 1.334610130962152752e-01 1.139991072273863166e-04
2.300000000000000100e-01 9.673571197412445498e-04 0.000000000000000000e+00 1.406978011470019774e-01 1.231849675945523651e-04
2.500000000000000000e-01 9.481860728352953628e-04 0.000000000000000000e+00 1.474955152494438204e-01 1.306701885062065964e-04
