# N=3,w01=1,w02=1.5,w03=2,tb=0.01,g=0.2,gamma1=1,gamma2=1, delta=1, 
#  mu1=-0.5,mu2=-0.5,beta1=0.5,beta2=0.5Epsilon || REDFIELD ||  LLE || ULE SITE 1 || ULE SITE 2 || ULE BOUNDARY
1.000000000000000021e-03 -1.434187706732394714e-14 -1.200344957018516030e-07 7.085115277281508242e-09 -9.661260270759054384e-09 1.343576239374037924e-14
2.000000000000000042e-03 -2.294695439264996327e-13 -4.801361781681129742e-07 2.834063611590838082e-08 -3.864492922064459196e-08 2.149701929493434433e-13
5.000000000000000104e-03 -8.963502792625416576e-12 -3.000772138972154612e-06 1.771366316190473770e-07 -2.415259141457815905e-07 8.396724986050718015e-12
1.000000000000000021e-02 -1.434073676659764601e-10 -1.200195911288702089e-05 7.086558591257748182e-07 -9.660337780634720651e-07 1.343179512315123900e-10
2.000000000000000042e-02 -2.293961502756823274e-09 -4.798968821536748434e-05 2.836370424419774212e-06 -3.863018834426663661e-06 2.147048655998153727e-09
5.000000000000000278e-02 -8.945395424331609707e-08 -2.991200078367898607e-04 1.780308381313330213e-05 -2.409553634460260345e-05 8.331032870078497465e-08
1.000000000000000056e-01 -1.422066311882131862e-06 -1.183610421159871171e-03 7.225508258881063294e-05 -9.572230276513466190e-05 1.299106402475116995e-06
2.000000000000000111e-01 -2.206441027016102204e-05 -4.458472497197235422e-03 3.028809292405041514e-04 -3.745696577763858205e-04 1.823562817451773732e-05
5.000000000000000000e-01 -5.497103132310909336e-04 -1.268335091339263185e-02 1.952045774787481477e-03 -2.395568748208014905e-03 1.790345181724162238e-04
