# N=3,w0max=1,w0min=1,tb=1,epsilon=0.2,gamma1=1,gamma2=1, delta=1, 
#  mu1=-0.5,mu2=-0.5,beta1=5,beta2=0.5 
#  GVALS || REDFIELD || REALREDLFIELD || LINDBLAD || UNIVERSAL|| TRACE DIST (red, ule)
#  GVALS || REDFIELD || REALREDFIELD || LOCALLINDBLAD || ULE BOUNDARY 
1.000000000000000021e-02 4.488349726023400238e-03 4.342464275585909000e-03 4.550515593213058305e-03 4.389907569490604164e-03
2.714285714285714218e-02 6.009156851584259579e-03 6.035881817718725083e-03 6.303382728588250231e-03 5.999017452099346392e-03
4.428571428571428936e-02 6.158651846241725361e-03 6.178527232246926182e-03 6.668951860450253802e-03 6.177709889431367077e-03
6.142857142857143654e-02 6.069063352066060742e-03 6.080103029005978939e-03 6.794357717872370056e-03 6.097022598560148179e-03
7.857142857142856984e-02 5.910328701888603944e-03 5.916154098712165903e-03 6.850674750817072750e-03 5.940609046551371605e-03
9.571428571428571008e-02 5.724390966106017442e-03 5.727362706899209038e-03 6.880503314337826221e-03 5.754001880588773682e-03
1.128571428571428642e-01 5.524763933067849790e-03 5.526424283478969732e-03 6.898133560226964514e-03 5.552207188904902981e-03
1.300000000000000044e-01 5.316866783524394624e-03 5.318308674690582806e-03 6.909396583407225248e-03 5.341549649691149093e-03
1.471428571428571586e-01 5.103883435876504192e-03 5.105900269134759639e-03 6.917020657945440604e-03 5.124972199868618392e-03
1.642857142857143127e-01 4.888784492033125366e-03 4.891913931055126563e-03 6.922417451145239375e-03 4.907025900745460613e-03
1.814285714285714390e-01 4.710599404198257539e-03 4.714628372134871750e-03 6.926375904432558600e-03 4.729427079526582825e-03
1.985714285714285932e-01 4.540364225267613449e-03 4.545207933469240166e-03 6.929364617915437057e-03 4.558334814352122018e-03
2.157142857142857473e-01 4.373103523246400781e-03 4.378511431844731711e-03 6.931675995514184965e-03 4.390557231346383683e-03
2.328571428571428736e-01 4.209949327804665513e-03 4.215361491576290892e-03 6.933500089355866883e-03 4.225820936225728811e-03
2.500000000000000000e-01 4.083954507344125795e-03 4.111882057489663067e-03 6.934964733497238701e-03 4.057426910791332372e-03
